GeneID1	GeneID2
2	100533990
9	2
10	9
18	10
19	18
20	19
21	20
24	21
25	24
27	25
29	27
30	29
31	30
32	31
33	32
34	33
35	34
37	35
38	37
43	38
47	43
48	47
51	48
59	51
72	59
81	72
87	81
88	87
91	88
92	91
93	92
101	93
102	101
103	102
107	103
108	107
109	108
111	109
112	111
113	112
114	113
115	114
116	115
117	116
123	117
124	123
125	124
126	125
127	126
130	127
131	130
133	131
134	133
135	134
136	135
140	136
142	140
143	142
146	143
147	146
148	147
150	148
151	150
153	151
154	153
155	154
156	155
160	156
161	160
162	161
163	162
164	163
176	164
177	176
178	177
183	178
185	183
186	185
187	186
191	187
205	191
207	205
208	207
211	208
213	211
214	213
215	214
216	215
217	216
220	217
222	220
225	222
226	225
229	226
230	229
231	230
249	231
268	249
274	268
275	274
276	275
277	276
278	277
279	278
280	279
283	280
284	283
285	284
286	285
288	286
291	288
292	291
293	292
301	293
325	301
329	325
330	329
332	330
333	332
335	333
336	335
338	336
341	338
343	341
344	343
345	344
347	345
348	347
351	348
358	351
359	358
360	359
361	360
362	361
363	362
364	363
366	364
368	366
375	368
377	375
387	377
388	387
389	388
390	389
391	390
392	391
393	392
395	393
396	395
397	396
398	397
399	398
401	399
406	401
408	406
409	408
410	409
411	410
412	411
415	412
416	415
417	416
419	417
427	419
429	427
430	429
462	430
466	462
467	466
472	467
476	472
477	476
478	477
479	478
480	479
481	480
482	481
483	482
486	483
487	486
488	487
489	488
491	489
492	491
495	492
496	495
523	496
525	523
526	525
527	526
528	527
529	528
533	529
534	533
538	534
540	538
545	540
547	545
551	547
552	551
553	552
554	553
567	554
570	567
572	570
579	572
595	579
596	595
598	596
604	598
610	604
611	610
613	611
622	613
623	622
624	623
629	624
633	629
640	633
641	640
642	641
643	642
649	643
652	649
658	652
661	658
663	661
667	663
672	667
673	672
675	673
680	675
682	680
685	682
687	685
688	687
694	688
695	694
699	695
701	699
708	701
710	708
712	710
713	712
714	713
716	714
717	716
718	717
719	718
720	719
721	720
722	721
725	722
727	725
728	727
729	728
730	729
731	730
732	731
733	732
735	733
747	735
762	747
771	762
773	771
774	773
779	774
782	779
783	782
784	783
785	784
786	785
788	786
794	788
796	794
797	796
800	797
801	800
805	801
808	805
811	808
813	811
814	813
815	814
816	815
817	816
821	817
828	821
829	828
830	829
834	830
835	834
836	835
837	836
841	837
842	841
843	842
846	843
847	846
857	847
858	857
862	858
867	862
868	867
871	868
885	871
886	885
887	886
890	887
891	890
892	891
894	892
896	894
898	896
902	898
909	902
913	909
914	913
915	914
916	915
917	916
919	917
920	919
924	920
925	924
926	925
928	926
929	928
930	929
940	930
941	940
942	941
947	942
948	947
949	948
952	949
957	952
958	957
959	958
960	959
961	960
962	961
965	962
966	965
967	966
971	967
972	971
973	972
974	973
975	974
976	975
977	976
983	977
990	983
991	990
993	991
994	993
995	994
996	995
997	996
998	997
999	998
1000	999
1001	1000
1002	1001
1003	1002
1004	1003
1005	1004
1006	1005
1007	1006
1008	1007
1009	1008
1010	1009
1012	1010
1013	1012
1016	1013
1017	1016
1019	1017
1020	1019
1021	1020
1022	1021
1024	1022
1026	1024
1027	1026
1028	1027
1029	1028
1030	1029
1031	1030
1032	1031
1033	1032
1036	1033
1040	1036
1041	1040
1045	1041
1047	1045
1050	1047
1051	1050
1052	1051
1056	1052
1058	1056
1060	1058
1063	1060
1066	1063
1069	1066
1071	1069
1072	1071
1075	1072
1080	1075
1081	1080
1103	1081
1109	1103
1111	1109
1112	1111
1113	1112
1119	1113
1120	1119
1123	1120
1124	1123
1128	1124
1129	1128
1131	1129
1133	1131
1134	1133
1135	1134
1136	1135
1137	1136
1138	1137
1139	1138
1141	1139
1142	1141
1143	1142
1144	1143
1145	1144
1146	1145
1147	1146
1149	1147
1154	1149
1159	1154
1163	1159
1164	1163
1173	1164
1174	1173
1175	1174
1176	1175
1191	1176
1207	1191
1208	1207
1211	1208
1213	1211
1215	1213
1230	1215
1232	1230
1233	1232
1234	1233
1235	1234
1236	1235
1237	1236
1238	1237
1241	1238
1244	1241
1264	1244
1268	1264
1269	1268
1271	1269
1272	1271
1277	1272
1278	1277
1280	1278
1281	1280
1282	1281
1284	1282
1285	1284
1286	1285
1287	1286
1288	1287
1289	1288
1290	1289
1291	1290
1292	1291
1293	1292
1294	1293
1295	1294
1296	1295
1297	1296
1298	1297
1299	1298
1300	1299
1301	1300
1302	1301
1303	1302
1305	1303
1306	1305
1307	1306
1308	1307
1310	1308
1311	1310
1312	1311
1316	1312
1317	1316
1326	1317
1346	1326
1356	1346
1359	1356
1362	1359
1364	1362
1365	1364
1366	1365
1374	1366
1375	1374
1376	1375
1378	1376
1381	1378
1382	1381
1384	1382
1385	1384
1386	1385
1387	1386
1392	1387
1395	1392
1396	1395
1398	1396
1399	1398
1400	1399
1401	1400
1410	1401
1428	1410
1432	1428
1437	1432
1438	1437
1439	1438
1442	1439
1445	1442
1446	1445
1447	1446
1453	1447
1454	1453
1455	1454
1457	1455
1459	1457
1460	1459
1462	1460
1463	1462
1464	1463
1468	1464
1469	1468
1470	1469
1471	1470
1472	1471
1473	1472
1490	1473
1493	1490
1495	1493
1499	1495
1500	1499
1504	1500
1508	1504
1509	1508
1511	1509
1512	1511
1513	1512
1514	1513
1515	1514
1519	1515
1520	1519
1522	1520
1523	1522
1524	1523
1525	1524
1535	1525
1536	1535
1540	1536
1543	1540
1544	1543
1545	1544
1548	1545
1551	1548
1553	1551
1555	1553
1557	1555
1558	1557
1559	1558
1562	1559
1565	1562
1571	1565
1572	1571
1573	1572
1576	1573
1577	1576
1579	1577
1580	1579
1581	1580
1582	1581
1583	1582
1584	1583
1585	1584
1586	1585
1588	1586
1589	1588
1590	1589
1591	1590
1592	1591
1593	1592
1594	1593
1595	1594
1602	1595
1604	1602
1606	1604
1607	1606
1608	1607
1609	1608
1630	1609
1632	1630
1634	1632
1639	1634
1641	1639
1646	1641
1650	1646
1666	1650
1667	1666
1668	1667
1669	1668
1670	1669
1671	1670
1672	1671
1673	1672
1674	1673
1675	1674
1717	1675
1718	1717
1719	1718
1736	1719
1739	1736
1740	1739
1741	1740
1745	1741
1756	1745
1759	1756
1763	1759
1777	1763
1778	1777
1780	1778
1781	1780
1783	1781
1785	1783
1793	1785
1794	1793
1795	1794
1796	1795
1803	1796
1805	1803
1808	1805
1809	1808
1811	1809
1812	1811
1813	1812
1814	1813
1815	1814
1816	1815
1826	1816
1827	1826
1833	1827
1836	1833
1839	1836
1842	1839
1843	1842
1845	1843
1846	1845
1848	1846
1849	1848
1859	1849
1869	1859
1870	1869
1871	1870
1874	1871
1875	1874
1879	1875
1890	1879
1892	1890
1894	1892
1901	1894
1902	1901
1903	1902
1906	1903
1907	1906
1908	1907
1909	1908
1910	1909
1917	1910
1950	1917
1956	1950
1958	1956
1959	1958
1973	1959
1974	1973
1975	1974
1977	1975
1978	1977
1981	1978
1982	1981
1991	1982
2001	1991
2002	2001
2012	2002
2015	2012
2016	2015
2017	2016
2023	2017
2026	2023
2027	2026
2030	2027
2033	2030
2034	2033
2036	2034
2037	2036
2054	2037
2060	2054
2064	2060
2065	2064
2066	2065
2068	2066
2069	2068
2071	2069
2074	2071
2099	2074
2101	2099
2109	2101
2131	2109
2132	2131
2138	2132
2139	2138
2147	2139
2149	2147
2150	2149
2151	2150
2152	2151
2153	2152
2155	2153
2157	2155
2158	2157
2159	2158
2160	2159
2161	2160
2162	2161
2165	2162
2167	2165
2168	2167
2171	2168
2172	2171
2180	2172
2181	2180
2182	2181
2185	2182
2192	2185
2194	2192
2195	2194
2202	2195
2203	2202
2204	2203
2207	2204
2209	2207
2210	2209
2213	2210
2214	2213
2222	2214
2224	2222
2237	2224
2239	2237
2242	2239
2243	2242
2244	2243
2245	2244
2246	2245
2247	2246
2248	2247
2249	2248
2250	2249
2251	2250
2252	2251
2253	2252
2254	2253
2255	2254
2260	2255
2261	2260
2262	2261
2263	2262
2264	2263
2266	2264
2268	2266
2273	2268
2274	2273
2277	2274
2288	2277
2296	2288
2305	2296
2306	2305
2308	2306
2309	2308
2317	2309
2318	2317
2326	2318
2327	2326
2328	2327
2331	2328
2335	2331
2348	2335
2350	2348
2353	2350
2354	2353
2357	2354
2358	2357
2359	2358
2475	2359
2488	2475
2491	2488
2492	2491
2494	2492
2495	2494
2512	2495
2520	2512
2524	2520
2525	2524
2531	2525
2532	2531
2533	2532
2534	2533
2535	2534
2537	2535
2538	2537
2539	2538
2542	2539
2549	2542
2550	2549
2554	2550
2555	2554
2556	2555
2557	2556
2558	2557
2559	2558
2560	2559
2561	2560
2562	2561
2564	2562
2566	2564
2567	2566
2568	2567
2569	2568
2570	2569
2571	2570
2572	2571
2580	2572
2581	2580
2582	2581
2584	2582
2587	2584
2592	2587
2597	2592
2619	2597
2623	2619
2624	2623
2625	2624
2626	2625
2627	2626
2629	2627
2632	2629
2633	2632
2634	2633
2638	2634
2641	2638
2642	2641
2645	2642
2646	2645
2647	2646
2652	2647
2657	2652
2661	2657
2662	2661
2664	2662
2665	2664
2668	2665
2670	2668
2674	2670
2675	2674
2678	2675
2683	2678
2686	2683
2687	2686
2688	2687
2689	2688
2690	2689
2691	2690
2692	2691
2693	2692
2695	2693
2696	2695
2706	2696
2710	2706
2717	2710
2719	2717
2720	2719
2729	2720
2730	2729
2739	2730
2740	2739
2741	2740
2742	2741
2743	2742
2744	2743
2752	2744
2760	2752
2767	2760
2768	2767
2769	2768
2770	2769
2771	2770
2773	2771
2774	2773
2775	2774
2776	2775
2778	2776
2779	2778
2780	2779
2781	2780
2782	2781
2783	2782
2784	2783
2785	2784
2786	2785
2787	2786
2788	2787
2790	2788
2791	2790
2792	2791
2793	2792
2796	2793
2797	2796
2798	2797
2799	2798
2805	2799
2806	2805
2811	2806
2812	2811
2813	2812
2814	2813
2815	2814
2817	2815
2819	2817
2820	2819
2821	2820
2823	2821
2824	2823
2826	2824
2828	2826
2829	2828
2831	2829
2832	2831
2833	2832
2834	2833
2837	2834
2840	2837
2841	2840
2846	2841
2847	2846
2852	2847
2862	2852
2863	2862
2864	2863
2865	2864
2867	2865
2869	2867
2878	2869
2885	2878
2886	2885
2887	2886
2888	2887
2889	2888
2890	2889
2891	2890
2892	2891
2893	2892
2897	2893
2898	2897
2899	2898
2900	2899
2901	2900
2902	2901
2903	2902
2904	2903
2905	2904
2906	2905
2909	2906
2911	2909
2912	2911
2913	2912
2914	2913
2916	2914
2917	2916
2918	2917
2919	2918
2920	2919
2921	2920
2922	2921
2923	2922
2925	2923
2931	2925
2934	2931
2936	2934
2937	2936
2938	2937
2939	2938
2940	2939
2941	2940
2944	2941
2948	2944
2949	2948
2950	2949
2965	2950
2966	2965
2967	2966
2968	2967
2972	2968
2974	2972
2976	2974
2977	2976
2982	2977
2983	2982
2990	2983
2992	2990
2995	2992
2997	2995
2998	2997
3003	2998
3012	3003
3013	3012
3014	3013
3015	3014
3017	3015
3018	3017
3020	3018
3021	3020
3030	3021
3032	3030
3033	3032
3036	3033
3037	3036
3038	3037
3040	3038
3043	3040
3045	3043
3046	3045
3048	3046
3055	3048
3060	3055
3061	3060
3062	3061
3065	3062
3066	3065
3073	3066
3074	3073
3075	3074
3082	3075
3084	3082
3093	3084
3094	3093
3098	3094
3099	3098
3101	3099
3105	3101
3106	3105
3107	3106
3108	3107
3109	3108
3111	3109
3112	3111
3113	3112
3115	3113
3117	3115
3118	3117
3123	3118
3125	3123
3127	3125
3134	3127
3135	3134
3138	3135
3146	3138
3149	3146
3155	3149
3156	3155
3157	3156
3158	3157
3159	3158
3161	3159
3162	3161
3163	3162
3164	3163
3169	3164
3170	3169
3171	3170
3172	3171
3174	3172
3175	3174
3177	3175
3192	3177
3202	3192
3212	3202
3213	3212
3215	3213
3225	3215
3229	3225
3249	3229
3265	3249
3269	3265
3273	3269
3274	3273
3280	3274
3283	3280
3284	3283
3290	3284
3292	3290
3293	3292
3295	3293
3306	3295
3309	3306
3312	3309
3316	3312
3320	3316
3321	3320
3326	3321
3339	3326
3340	3339
3350	3340
3351	3350
3352	3351
3354	3352
3355	3354
3356	3355
3357	3356
3358	3357
3359	3358
3360	3359
3361	3360
3362	3361
3363	3362
3364	3363
3373	3364
3375	3373
3383	3375
3384	3383
3385	3384
3386	3385
3394	3386
3417	3394
3418	3417
3422	3418
3423	3422
3425	3423
3426	3425
3429	3426
3430	3429
3433	3430
3434	3433
3437	3434
3439	3437
3440	3439
3441	3440
3442	3441
3443	3442
3444	3443
3445	3444
3446	3445
3448	3446
3449	3448
3451	3449
3452	3451
3454	3452
3455	3454
3456	3455
3458	3456
3459	3458
3460	3459
3482	3460
3488	3482
3489	3488
3491	3489
3516	3491
3549	3516
3551	3549
3552	3551
3553	3552
3554	3553
3556	3554
3557	3556
3558	3557
3559	3558
3560	3559
3561	3560
3562	3561
3563	3562
3567	3563
3568	3567
3569	3568
3570	3569
3572	3570
3574	3572
3575	3574
3576	3575
3577	3576
3579	3577
3590	3579
3604	3590
3606	3604
3611	3606
3613	3611
3619	3613
3627	3619
3630	3627
3636	3630
3640	3636
3642	3640
3643	3642
3651	3643
3654	3651
3656	3654
3659	3656
3660	3659
3661	3660
3662	3661
3663	3662
3664	3663
3665	3664
3667	3665
3669	3667
3670	3669
3672	3670
3673	3672
3674	3673
3675	3674
3678	3675
3680	3678
3683	3680
3684	3683
3685	3684
3687	3685
3688	3687
3689	3688
3690	3689
3691	3690
3693	3691
3695	3693
3702	3695
3705	3702
3706	3705
3709	3706
3710	3709
3716	3710
3717	3716
3718	3717
3725	3718
3728	3725
3736	3728
3737	3736
3738	3737
3739	3738
3741	3739
3742	3741
3743	3742
3744	3743
3745	3744
3746	3745
3747	3746
3748	3747
3749	3748
3750	3749
3751	3750
3752	3751
3754	3752
3755	3754
3756	3755
3757	3756
3758	3757
3759	3758
3760	3759
3761	3760
3762	3761
3763	3762
3764	3763
3765	3764
3766	3765
3767	3766
3768	3767
3770	3768
3772	3770
3773	3772
3775	3773
3776	3775
3777	3776
3779	3777
3780	3779
3781	3780
3782	3781
3783	3782
3784	3783
3785	3784
3786	3785
3787	3786
3788	3787
3790	3788
3795	3790
3796	3795
3797	3796
3798	3797
3799	3798
3802	3799
3803	3802
3804	3803
3805	3804
3806	3805
3811	3806
3812	3811
3814	3812
3815	3814
3817	3815
3818	3817
3821	3818
3824	3821
3827	3824
3831	3827
3832	3831
3833	3832
3835	3833
3836	3835
3837	3836
3838	3837
3839	3838
3840	3839
3841	3840
3845	3841
3848	3845
3852	3848
3854	3852
3856	3854
3858	3856
3860	3858
3861	3860
3866	3861
3872	3866
3875	3872
3880	3875
3897	3880
3898	3897
3909	3898
3910	3909
3912	3910
3914	3912
3915	3914
3918	3915
3920	3918
3925	3920
3927	3925
3929	3927
3930	3929
3931	3930
3932	3931
3937	3932
3938	3937
3945	3938
3949	3945
3952	3949
3953	3952
3958	3953
3972	3958
3973	3972
3978	3973
3983	3978
3984	3983
3985	3984
3987	3985
3990	3987
3991	3990
3992	3991
4000	3992
4001	4000
4012	4001
4014	4012
4018	4014
4023	4018
4036	4023
4041	4036
4043	4041
4047	4043
4049	4047
4050	4049
4051	4050
4057	4051
4060	4057
4064	4060
4067	4064
4069	4067
4072	4069
4074	4072
4082	4074
4085	4082
4087	4085
4088	4087
4089	4088
4097	4089
4099	4097
4128	4099
4129	4128
4143	4129
4144	4143
4145	4144
4147	4145
4148	4147
4149	4148
4151	4149
4153	4151
4157	4153
4158	4157
4159	4158
4160	4159
4161	4160
4166	4161
4168	4166
4171	4168
4172	4171
4173	4172
4174	4173
4175	4174
4176	4175
4179	4176
4190	4179
4191	4190
4193	4191
4199	4193
4205	4199
4207	4205
4208	4207
4209	4208
4210	4209
4213	4210
4214	4213
4215	4214
4222	4215
4233	4222
4239	4233
4240	4239
4257	4240
4258	4257
4259	4258
4261	4259
4281	4261
4283	4281
4284	4283
4292	4284
4295	4292
4303	4295
4311	4303
4312	4311
4313	4312
4314	4313
4316	4314
4317	4316
4318	4317
4319	4318
4320	4319
4321	4320
4322	4321
4323	4322
4324	4323
4325	4324
4326	4325
4331	4326
4352	4331
4360	4352
4361	4360
4363	4361
4438	4363
4439	4438
4477	4439
4478	4477
4499	4478
4501	4499
4502	4501
4504	4502
4534	4504
4543	4534
4544	4543
4547	4544
4548	4547
4582	4548
4591	4582
4594	4591
4597	4594
4598	4597
4599	4598
4600	4599
4602	4600
4604	4602
4605	4604
4606	4605
4609	4606
4613	4609
4615	4613
4617	4615
4618	4617
4621	4618
4624	4621
4626	4624
4627	4626
4628	4627
4629	4628
4632	4629
4633	4632
4634	4633
4635	4634
4637	4635
4638	4637
4645	4638
4646	4645
4650	4646
4651	4650
4654	4651
4656	4654
4661	4656
4669	4661
4680	4669
4683	4680
4684	4683
4688	4684
4689	4688
4690	4689
4692	4690
4693	4692
4703	4693
4723	4703
4734	4723
4744	4734
4745	4744
4747	4745
4751	4747
4753	4751
4756	4753
4758	4756
4759	4758
4760	4759
4778	4760
4781	4778
4783	4781
4784	4783
4791	4784
4792	4791
4793	4792
4794	4793
4800	4794
4801	4800
4803	4801
4804	4803
4809	4804
4821	4809
4824	4821
4825	4824
4826	4825
4828	4826
4829	4828
4837	4829
4838	4837
4842	4838
4843	4842
4846	4843
4852	4846
4855	4852
4862	4855
4868	4862
4869	4868
4878	4869
4886	4878
4887	4886
4889	4887
4893	4889
4897	4893
4899	4897
4900	4899
4902	4900
4905	4902
4914	4905
4915	4914
4917	4915
4922	4917
4923	4922
4926	4923
4927	4926
4938	4927
4939	4938
4940	4939
4952	4940
4958	4952
4969	4958
4973	4969
4974	4973
4983	4974
4985	4983
4986	4985
4987	4986
4988	4987
4998	4988
4999	4998
5000	4999
5001	5000
5002	5001
5003	5002
5007	5003
5010	5007
5016	5010
5019	5016
5020	5019
5021	5020
5023	5021
5027	5023
5028	5027
5029	5028
5030	5029
5031	5030
5032	5031
5034	5032
5045	5034
5046	5045
5048	5046
5050	5048
5054	5050
5055	5054
5058	5055
5062	5058
5064	5062
5071	5064
5080	5071
5087	5080
5091	5087
5094	5091
5095	5094
5096	5095
5105	5096
5106	5105
5108	5106
5111	5108
5116	5111
5118	5116
5121	5118
5122	5121
5125	5122
5130	5125
5133	5130
5136	5133
5138	5136
5139	5138
5140	5139
5142	5140
5143	5142
5144	5143
5145	5144
5148	5145
5150	5148
5151	5150
5152	5151
5153	5152
5154	5153
5155	5154
5156	5155
5157	5156
5158	5157
5159	5158
5166	5159
5168	5166
5170	5168
5172	5170
5173	5172
5175	5173
5179	5175
5196	5179
5197	5196
5205	5197
5207	5205
5208	5207
5209	5208
5210	5209
5211	5210
5213	5211
5214	5213
5216	5214
5217	5216
5223	5217
5224	5223
5226	5224
5228	5226
5230	5228
5236	5230
5239	5236
5241	5239
5243	5241
5244	5243
5255	5244
5256	5255
5257	5256
5260	5257
5261	5260
5264	5261
5265	5264
5268	5265
5274	5268
5284	5274
5286	5284
5287	5286
5288	5287
5289	5288
5290	5289
5291	5290
5292	5291
5293	5292
5294	5293
5295	5294
5296	5295
5297	5296
5298	5297
5300	5298
5305	5300
5306	5305
5307	5306
5313	5307
5315	5313
5319	5315
5320	5319
5321	5320
5322	5321
5325	5322
5327	5325
5328	5327
5329	5328
5330	5329
5331	5330
5332	5331
5335	5332
5336	5335
5337	5336
5338	5337
5339	5338
5340	5339
5341	5340
5345	5341
5346	5345
5347	5346
5348	5347
5351	5348
5352	5351
5354	5352
5360	5354
5361	5360
5362	5361
5364	5362
5365	5364
5367	5365
5368	5367
5371	5368
5406	5371
5408	5406
5422	5408
5424	5422
5425	5424
5426	5425
5427	5426
5433	5427
5434	5433
5435	5434
5437	5435
5440	5437
5441	5440
5442	5441
5443	5442
5451	5443
5465	5451
5468	5465
5469	5468
5473	5469
5476	5473
5478	5476
5479	5478
5494	5479
5495	5494
5499	5495
5500	5499
5501	5500
5502	5501
5507	5502
5515	5507
5516	5515
5518	5516
5519	5518
5520	5519
5522	5520
5524	5522
5525	5524
5526	5525
5527	5526
5528	5527
5529	5528
5530	5529
5532	5530
5534	5532
5539	5534
5540	5539
5547	5540
5549	5547
5552	5549
5557	5552
5558	5557
5562	5558
5563	5562
5564	5563
5565	5564
5566	5565
5567	5566
5568	5567
5570	5568
5571	5570
5573	5571
5575	5573
5576	5575
5577	5576
5578	5577
5579	5578
5580	5579
5581	5580
5582	5581
5583	5582
5584	5583
5587	5584
5588	5587
5589	5588
5590	5589
5592	5590
5593	5592
5594	5593
5595	5594
5598	5595
5599	5598
5600	5599
5601	5600
5602	5601
5603	5602
5604	5603
5605	5604
5606	5605
5607	5606
5608	5607
5609	5608
5610	5609
5612	5610
5617	5612
5618	5617
5621	5618
5623	5621
5624	5623
5627	5624
5631	5627
5634	5631
5641	5634
5644	5641
5645	5644
5648	5645
5649	5648
5650	5649
5652	5650
5653	5652
5660	5653
5663	5660
5664	5663
5682	5664
5683	5682
5684	5683
5685	5684
5686	5685
5687	5686
5688	5687
5689	5688
5690	5689
5691	5690
5692	5691
5693	5692
5694	5693
5695	5694
5696	5695
5697	5696
5698	5697
5699	5698
5700	5699
5701	5700
5702	5701
5704	5702
5705	5704
5706	5705
5707	5706
5708	5707
5709	5708
5710	5709
5711	5710
5713	5711
5714	5713
5715	5714
5716	5715
5717	5716
5718	5717
5719	5718
5720	5719
5721	5720
5724	5721
5727	5724
5728	5727
5729	5728
5730	5729
5731	5730
5732	5731
5733	5732
5734	5733
5737	5734
5739	5737
5740	5739
5741	5740
5742	5741
5743	5742
5744	5743
5745	5744
5746	5745
5747	5746
5770	5747
5771	5770
5777	5771
5783	5777
5788	5783
5790	5788
5797	5790
5799	5797
5805	5799
5810	5805
5817	5810
5818	5817
5819	5818
5824	5819
5825	5824
5828	5825
5831	5828
5833	5831
5834	5833
5836	5834
5837	5836
5864	5837
5868	5864
5878	5868
5879	5878
5880	5879
5881	5880
5883	5881
5884	5883
5885	5884
5888	5885
5889	5888
5890	5889
5894	5890
5898	5894
5899	5898
5900	5899
5903	5900
5905	5903
5906	5905
5908	5906
5909	5908
5918	5909
5919	5918
5920	5919
5921	5920
5923	5921
5924	5923
5925	5924
5928	5925
5931	5928
5932	5931
5933	5932
5934	5933
5936	5934
5948	5936
5956	5948
5962	5956
5966	5962
5970	5966
5979	5970
5982	5979
5983	5982
5984	5983
5985	5984
5995	5985
5996	5995
5997	5996
5999	5997
6000	5999
6002	6000
6005	6002
6009	6005
6010	6009
6014	6010
6016	6014
6019	6016
6035	6019
6041	6035
6047	6041
6049	6047
6091	6049
6092	6091
6093	6092
6095	6093
6117	6095
6118	6117
6119	6118
6120	6119
6176	6120
6194	6176
6195	6194
6196	6195
6197	6196
6198	6197
6199	6198
6232	6199
6233	6232
6237	6233
6241	6237
6249	6241
6251	6249
6252	6251
6256	6252
6272	6256
6277	6272
6278	6277
6283	6278
6284	6283
6285	6284
6286	6285
6288	6286
6300	6288
6307	6300
6309	6307
6319	6309
6324	6319
6326	6324
6327	6326
6329	6327
6331	6329
6332	6331
6334	6332
6337	6334
6342	6337
6343	6342
6344	6343
6347	6344
6348	6347
6349	6348
6351	6349
6352	6351
6354	6352
6355	6354
6356	6355
6359	6356
6360	6359
6361	6360
6363	6361
6364	6363
6366	6364
6367	6366
6370	6367
6372	6370
6373	6372
6374	6373
6375	6374
6376	6375
6382	6376
6383	6382
6385	6383
6386	6385
6387	6386
6396	6387
6402	6396
6403	6402
6406	6403
6414	6406
6416	6414
6422	6416
6446	6422
6448	6446
6453	6448
6456	6453
6464	6456
6469	6464
6476	6469
6477	6476
6478	6477
6482	6478
6483	6482
6487	6483
6494	6487
6495	6494
6500	6495
6502	6500
6505	6502
6506	6505
6507	6506
6508	6507
6509	6508
6510	6509
6511	6510
6512	6511
6513	6512
6514	6513
6515	6514
6517	6515
6518	6517
6519	6518
6520	6519
6521	6520
6522	6521
6523	6522
6524	6523
6526	6524
6528	6526
6529	6528
6530	6529
6531	6530
6532	6531
6533	6532
6534	6533
6536	6534
6538	6536
6539	6538
6541	6539
6542	6541
6543	6542
6546	6543
6547	6546
6548	6547
6549	6548
6550	6549
6553	6550
6554	6553
6555	6554
6556	6555
6557	6556
6558	6557
6560	6558
6561	6560
6563	6561
6564	6563
6565	6564
6566	6565
6568	6566
6569	6568
6570	6569
6571	6570
6572	6571
6574	6572
6575	6574
6576	6575
6578	6576
6579	6578
6580	6579
6581	6580
6582	6581
6583	6582
6584	6583
6585	6584
6586	6585
6604	6586
6608	6604
6609	6608
6610	6609
6616	6610
6617	6616
6618	6617
6619	6618
6621	6619
6622	6621
6623	6622
6643	6623
6647	6643
6649	6647
6652	6649
6654	6652
6655	6654
6657	6655
6663	6657
6664	6663
6672	6664
6678	6672
6693	6678
6696	6693
6708	6696
6709	6708
6710	6709
6711	6710
6712	6711
6713	6712
6714	6713
6715	6714
6716	6715
6717	6716
6718	6717
6720	6718
6721	6720
6726	6721
6737	6726
6741	6737
6744	6741
6750	6744
6751	6750
6752	6751
6753	6752
6754	6753
6755	6754
6770	6755
6772	6770
6773	6772
6774	6773
6776	6774
6777	6776
6778	6777
6783	6778
6785	6783
6786	6785
6790	6786
6794	6790
6799	6794
6804	6799
6809	6804
6810	6809
6811	6810
6812	6811
6813	6812
6814	6813
6817	6814
6818	6817
6819	6818
6820	6819
6822	6820
6833	6822
6837	6833
6843	6837
6844	6843
6845	6844
6846	6845
6847	6846
6850	6847
6853	6850
6854	6853
6855	6854
6856	6855
6857	6856
6860	6857
6861	6860
6863	6861
6865	6863
6866	6865
6867	6866
6868	6867
6869	6868
6870	6869
6876	6870
6885	6876
6888	6885
6890	6888
6891	6890
6900	6891
6901	6900
6907	6901
6908	6907
6913	6908
6915	6913
6916	6915
6921	6916
6923	6921
6925	6923
6927	6925
6928	6927
6929	6928
6938	6929
6945	6938
6997	6945
6999	6997
7003	6999
7004	7003
7005	7004
7006	7005
7010	7006
7013	7010
7014	7013
7015	7014
7016	7015
7018	7016
7019	7018
7020	7019
7021	7020
7026	7021
7027	7026
7031	7027
7033	7031
7035	7033
7037	7035
7040	7037
7042	7040
7043	7042
7044	7043
7045	7044
7048	7045
7049	7048
7056	7049
7057	7056
7058	7057
7059	7058
7060	7059
7066	7060
7069	7066
7074	7069
7076	7074
7077	7076
7078	7077
7079	7078
7083	7079
7084	7083
7086	7084
7092	7086
7093	7092
7094	7093
7096	7094
7097	7096
7098	7097
7099	7098
7100	7099
7102	7100
7105	7102
7108	7105
7111	7108
7114	7111
7122	7114
7123	7122
7124	7123
7125	7124
7128	7125
7134	7128
7135	7134
7136	7135
7137	7136
7138	7137
7139	7138
7153	7139
7156	7153
7157	7156
7163	7157
7164	7163
7167	7164
7168	7167
7169	7168
7170	7169
7171	7170
7172	7171
7174	7172
7175	7174
7177	7175
7184	7177
7186	7184
7187	7186
7189	7187
7200	7189
7201	7200
7204	7201
7205	7204
7222	7205
7223	7222
7224	7223
7225	7224
7248	7225
7249	7248
7252	7249
7253	7252
7264	7253
7272	7264
7276	7272
7277	7276
7283	7277
7291	7283
7295	7291
7296	7295
7297	7296
7298	7297
7301	7298
7305	7301
7311	7305
7314	7311
7317	7314
7318	7317
7319	7318
7320	7319
7321	7320
7322	7321
7323	7322
7324	7323
7325	7324
7326	7325
7327	7326
7328	7327
7329	7328
7332	7329
7334	7332
7336	7334
7337	7336
7341	7337
7343	7341
7355	7343
7357	7355
7358	7357
7360	7358
7363	7360
7364	7363
7365	7364
7367	7365
7373	7367
7408	7373
7409	7408
7412	7409
7414	7412
7422	7414
7423	7422
7424	7423
7425	7424
7428	7425
7430	7428
7431	7430
7432	7431
7433	7432
7434	7433
7436	7434
7444	7436
7450	7444
7454	7450
7465	7454
7471	7465
7472	7471
7473	7472
7474	7473
7475	7474
7476	7475
7477	7476
7479	7477
7480	7479
7481	7480
7482	7481
7483	7482
7484	7483
7494	7484
7514	7494
7516	7514
7525	7516
7529	7525
7531	7529
7532	7531
7534	7532
7535	7534
7538	7535
7546	7538
7561	7546
7620	7561
7702	7620
7704	7702
7706	7704
7750	7706
7779	7750
7780	7779
7781	7780
7783	7781
7804	7783
7818	7804
7840	7818
7846	7840
7850	7846
7852	7850
7855	7852
7867	7855
7879	7867
7881	7879
7903	7881
7915	7903
7922	7915
7975	7922
7976	7975
7978	7976
8000	7978
8001	8000
8021	8001
8027	8021
8029	8027
8038	8029
8045	8038
8048	8045
8065	8048
8074	8065
8076	8074
8086	8076
8111	8086
8128	8111
8139	8128
8140	8139
8153	8140
8165	8153
8170	8165
8202	8170
8224	8202
8243	8224
8270	8243
8290	8270
8294	8290
8301	8294
8309	8301
8310	8309
8317	8310
8318	8317
8321	8318
8322	8321
8323	8322
8324	8323
8325	8324
8326	8325
8331	8326
8334	8331
8335	8334
8337	8335
8338	8337
8339	8338
8340	8339
8341	8340
8342	8341
8343	8342
8344	8343
8345	8344
8346	8345
8347	8346
8348	8347
8349	8348
8350	8349
8351	8350
8352	8351
8353	8352
8354	8353
8355	8354
8356	8355
8357	8356
8358	8357
8359	8358
8360	8359
8361	8360
8362	8361
8363	8362
8364	8363
8365	8364
8366	8365
8367	8366
8368	8367
8370	8368
8379	8370
8395	8379
8396	8395
8398	8396
8399	8398
8402	8399
8404	8402
8406	8404
8411	8406
8412	8411
8416	8412
8417	8416
8424	8417
8425	8424
8434	8425
8436	8434
8440	8436
8443	8440
8452	8443
8453	8452
8454	8453
8462	8454
8463	8462
8467	8463
8468	8467
8477	8468
8480	8477
8481	8480
8482	8481
8484	8482
8500	8484
8501	8500
8503	8501
8504	8503
8506	8504
8507	8506
8509	8507
8514	8509
8517	8514
8519	8517
8526	8519
8527	8526
8529	8527
8531	8529
8534	8531
8540	8534
8546	8540
8548	8546
8553	8548
8554	8553
8556	8554
8557	8556
8560	8557
8564	8560
8569	8564
8601	8569
8604	8601
8605	8604
8607	8605
8608	8607
8611	8608
8612	8611
8613	8612
8620	8613
8622	8620
8626	8622
8631	8626
8633	8631
8636	8633
8638	8636
8643	8638
8644	8643
8647	8644
8648	8647
8650	8648
8651	8650
8654	8651
8655	8654
8660	8655
8671	8660
8672	8671
8673	8672
8675	8673
8676	8675
8677	8676
8685	8677
8692	8685
8694	8692
8697	8694
8698	8697
8702	8698
8703	8702
8704	8703
8714	8704
8722	8714
8729	8722
8736	8729
8737	8736
8751	8737
8760	8751
8764	8760
8766	8764
8767	8766
8772	8767
8773	8772
8775	8773
8776	8775
8786	8776
8787	8786
8788	8787
8789	8788
8800	8789
8805	8800
8811	8805
8817	8811
8821	8817
8822	8821
8826	8822
8828	8826
8829	8828
8835	8829
8839	8835
8840	8839
8841	8840
8843	8841
8850	8843
8851	8850
8854	8851
8867	8854
8871	8867
8877	8871
8878	8877
8879	8878
8881	8879
8884	8881
8887	8884
8897	8887
8898	8897
8900	8898
8905	8900
8907	8905
8908	8907
8910	8908
8911	8910
8912	8911
8913	8912
8915	8913
8924	8915
8927	8924
8928	8927
8932	8928
8935	8932
8945	8935
8968	8945
8970	8968
8972	8970
8973	8972
8975	8973
8976	8975
8985	8976
8986	8985
8992	8986
8997	8992
9002	8997
9013	9002
9014	9013
9015	9014
9020	9015
9021	9020
9022	9021
9023	9022
9026	9023
9028	9026
9037	9028
9038	9037
9039	9038
9040	9039
9046	9040
9048	9046
9051	9048
9055	9051
9056	9055
9057	9056
9058	9057
9060	9058
9061	9060
9069	9061
9071	9069
9073	9071
9074	9073
9075	9074
9076	9075
9079	9076
9080	9079
9088	9080
9101	9088
9107	9101
9108	9107
9110	9108
9112	9110
9114	9112
9118	9114
9123	9118
9126	9123
9132	9126
9133	9132
9134	9133
9138	9134
9140	9138
9146	9140
9152	9146
9153	9152
9154	9153
9162	9154
9170	9162
9177	9170
9181	9177
9183	9181
9184	9183
9185	9184
9187	9185
9194	9187
9196	9194
9197	9196
9212	9197
9214	9212
9215	9214
9217	9215
9218	9217
9227	9218
9232	9227
9245	9232
9246	9245
9249	9246
9252	9249
9261	9252
9270	9261
9282	9270
9287	9282
9290	9287
9294	9290
9296	9294
9312	9296
9314	9312
9315	9314
9320	9315
9328	9320
9329	9328
9330	9329
9331	9330
9334	9331
9338	9334
9340	9338
9348	9340
9350	9348
9353	9350
9354	9353
9355	9354
9356	9355
9365	9356
9368	9365
9370	9368
9371	9370
9376	9371
9394	9376
9401	9394
9402	9401
9411	9402
9412	9411
9413	9412
9415	9413
9420	9415
9423	9420
9424	9423
9429	9424
9435	9429
9439	9435
9440	9439
9441	9440
9442	9441
9443	9442
9445	9443
9446	9445
9447	9446
9450	9447
9452	9450
9453	9452
9459	9453
9463	9459
9468	9463
9469	9468
9470	9469
9474	9470
9475	9474
9477	9475
9482	9477
9489	9482
9491	9489
9493	9491
9495	9493
9497	9495
9498	9497
9500	9498
9508	9500
9509	9508
9510	9509
9514	9510
9517	9514
9520	9517
9524	9520
9533	9524
9542	9533
9550	9542
9564	9550
9568	9564
9572	9568
9575	9572
9576	9575
9586	9576
9590	9586
9600	9590
9611	9600
9612	9611
9619	9612
9622	9619
9623	9622
9628	9623
9630	9628
9631	9630
9632	9631
9633	9632
9635	9633
9636	9635
9641	9636
9653	9641
9662	9653
9663	9662
9666	9663
9672	9666
9688	9672
9690	9688
9698	9690
9702	9698
9709	9702
9717	9709
9723	9717
9730	9723
9732	9730
9735	9732
9754	9735
9768	9754
9775	9768
9789	9775
9791	9789
9793	9791
9805	9793
9817	9805
9818	9817
9820	9818
9824	9820
9826	9824
9828	9826
9829	9828
9833	9829
9837	9833
9843	9837
9846	9843
9855	9846
9861	9855
9862	9861
9863	9862
9867	9863
9871	9867
9883	9871
9886	9883
9892	9886
9896	9892
9901	9896
9902	9901
9908	9902
9912	9908
9914	9912
9915	9914
9926	9915
9927	9926
9934	9927
9936	9934
9938	9936
9943	9938
9948	9943
9951	9948
9953	9951
9955	9953
9956	9955
9957	9956
9965	9957
9966	9965
9968	9966
9972	9968
9978	9972
9985	9978
9990	9985
10000	9990
10001	10000
10005	10001
10010	10005
10018	10010
10019	10018
10021	10019
10022	10021
10025	10022
10048	10025
10052	10048
10053	10052
10054	10053
10055	10054
10057	10055
10058	10057
10060	10058
10075	10060
10079	10075
10082	10079
10087	10082
10089	10087
10090	10089
10111	10090
10112	10111
10120	10112
10121	10120
10125	10121
10126	10125
10142	10126
10143	10142
10144	10143
10150	10144
10154	10150
10161	10154
10162	10161
10165	10162
10174	10165
10175	10174
10186	10175
10193	10186
10203	10193
10206	10203
10207	10206
10213	10207
10216	10213
10225	10216
10228	10225
10235	10228
10242	10235
10249	10242
10252	10249
10253	10252
10254	10253
10257	10254
10266	10257
10267	10266
10268	10267
10273	10268
10274	10273
10276	10274
10287	10276
10288	10287
10298	10288
10302	10298
10309	10302
10312	10309
10316	10312
10326	10316
10331	10326
10333	10331
10335	10333
10347	10335
10349	10347
10350	10349
10351	10350
10362	10351
10365	10362
10368	10365
10369	10368
10371	10369
10379	10371
10380	10379
10381	10380
10382	10381
10383	10382
10388	10383
10390	10388
10392	10390
10393	10392
10395	10393
10396	10395
10398	10396
10400	10398
10402	10400
10403	10402
10410	10403
10411	10410
10413	10411
10423	10413
10425	10423
10426	10425
10427	10426
10437	10427
10451	10437
10454	10451
10460	10454
10461	10460
10468	10461
10477	10468
10478	10477
10479	10478
10484	10479
10486	10484
10487	10486
10489	10487
10491	10489
10497	10491
10499	10497
10507	10499
10516	10507
10533	10516
10536	10533
10540	10536
10551	10540
10554	10551
10555	10554
10558	10555
10559	10558
10563	10559
10568	10563
10570	10568
10574	10570
10580	10574
10581	10580
10589	10581
10590	10589
10599	10590
10603	10599
10616	10603
10618	10616
10621	10618
10623	10621
10628	10623
10631	10628
10637	10631
10653	10637
10654	10653
10663	10654
10666	10663
10671	10666
10672	10671
10678	10672
10681	10678
10682	10681
10686	10682
10692	10686
10695	10692
10714	10695
10717	10714
10720	10717
10723	10720
10726	10723
10733	10726
10734	10733
10735	10734
10747	10735
10753	10747
10762	10753
10800	10762
10801	10800
10803	10801
10806	10803
10809	10806
10810	10809
10817	10810
10818	10817
10825	10818
10826	10825
10840	10826
10844	10840
10846	10844
10850	10846
10855	10850
10856	10855
10857	10856
10858	10857
10859	10858
10861	10859
10864	10861
10866	10864
10870	10866
10873	10870
10874	10873
10878	10874
10884	10878
10886	10884
10887	10886
10891	10887
10892	10891
10893	10892
10894	10893
10900	10894
10911	10900
10916	10911
10919	10916
10924	10919
10926	10924
10928	10926
10938	10928
10941	10938
10952	10941
10963	10952
10974	10963
10979	10974
10990	10979
10991	10990
10998	10991
10999	10998
11001	10999
11004	11001
11006	11004
11010	11006
11024	11010
11025	11024
11030	11025
11035	11030
11041	11035
11045	11041
11046	11045
11052	11046
11059	11052
11064	11059
11065	11064
11067	11065
11069	11067
11081	11069
11082	11081
11083	11082
11096	11083
11097	11096
11108	11097
11116	11108
11126	11116
11128	11126
11130	11128
11131	11130
11136	11131
11140	11136
11144	11140
11145	11144
11167	11145
11170	11167
11178	11170
11181	11178
11182	11181
11190	11182
11200	11190
11211	11200
11213	11211
11214	11213
11216	11214
11226	11216
11227	11226
11243	11227
11251	11243
11254	11251
11255	11254
11258	11255
11259	11258
11262	11259
11274	11262
11283	11274
11285	11283
11309	11285
11311	11309
11320	11311
11335	11320
11339	11335
11343	11339
11345	11343
22808	11345
22836	22808
22837	22836
22841	22837
22854	22841
22856	22854
22861	22856
22872	22861
22885	22872
22888	22885
22897	22888
22901	22897
22908	22901
22914	22908
22915	22914
22919	22915
22920	22919
22924	22920
22927	22924
22934	22927
22954	22934
22981	22954
22986	22981
22994	22986
22999	22994
23015	22999
23017	23015
23028	23017
23037	23028
23054	23037
23092	23054
23097	23092
23108	23097
23117	23108
23118	23117
23120	23118
23127	23120
23129	23127
23165	23129
23169	23165
23171	23169
23175	23171
23179	23175
23186	23179
23187	23186
23189	23187
23198	23189
23200	23198
23213	23200
23221	23213
23224	23221
23225	23224
23229	23225
23236	23229
23239	23236
23250	23239
23291	23250
23301	23291
23304	23301
23305	23304
23308	23305
23309	23308
23315	23309
23328	23315
23332	23328
23345	23332
23348	23345
23352	23348
23362	23352
23365	23362
23370	23365
23380	23370
23385	23380
23389	23385
23396	23389
23414	23396
23415	23414
23416	23415
23421	23416
23423	23421
23428	23423
23431	23428
23433	23431
23443	23433
23446	23443
23452	23446
23456	23452
23460	23456
23466	23460
23468	23466
23478	23468
23480	23478
23511	23480
23512	23511
23526	23512
23528	23526
23531	23528
23532	23531
23533	23532
23539	23533
23542	23539
23545	23542
23557	23545
23562	23557
23563	23562
23566	23563
23582	23566
23586	23582
23594	23586
23595	23594
23596	23595
23600	23596
23601	23600
23607	23601
23608	23607
23620	23608
23623	23620
23626	23623
23635	23626
23636	23635
23643	23636
23645	23643
23646	23645
23649	23646
23657	23649
23673	23657
23704	23673
23705	23704
23708	23705
23710	23708
23743	23710
23759	23743
23760	23759
23764	23760
23768	23764
23779	23768
24137	23779
24141	24137
24144	24141
24145	24144
24146	24145
25759	24146
25769	25759
25777	25769
25780	25777
25791	25780
25796	25791
25800	25796
25802	25800
25803	25802
25818	25803
25820	25818
25823	25820
25830	25823
25837	25830
25847	25837
25870	25847
25885	25870
25886	25885
25890	25886
25891	25890
25898	25891
25909	25898
25913	25909
25936	25913
25937	25936
25942	25937
25945	25942
25949	25945
25953	25949
25962	25953
25970	25962
25977	25970
25996	25977
26007	25996
26010	26007
26018	26010
26035	26018
26047	26035
26061	26047
26118	26061
26119	26118
26127	26119
26153	26127
26154	26153
26229	26154
26230	26229
26232	26230
26251	26232
26255	26251
26258	26255
26259	26258
26270	26259
26271	26270
26272	26271
26273	26272
26277	26273
26279	26277
26281	26279
26285	26281
26330	26285
26353	26330
26468	26353
26470	26468
26503	26470
26574	26503
26575	26574
26576	26575
26577	26576
26609	26577
26873	26609
26996	26873
26999	26996
27006	26999
27012	27006
27018	27012
27030	27018
27032	27030
27040	27032
27063	27040
27074	27063
27075	27074
27087	27075
27092	27087
27094	27092
27115	27094
27124	27115
27125	27124
27127	27125
27129	27127
27131	27129
27133	27131
27134	27133
27147	27134
27154	27147
27165	27154
27173	27165
27175	27173
27202	27175
27233	27202
27237	27233
27242	27237
27252	27242
27255	27252
27284	27255
27289	27284
27290	27289
27295	27290
27299	27295
27314	27299
27330	27314
27334	27330
27338	27334
27344	27338
27345	27344
27346	27345
27430	27346
28227	27430
28231	28227
28232	28231
28234	28232
28965	28234
28972	28965
28982	28972
28984	28982
29079	28984
29089	29079
29097	29089
29106	29097
29108	29106
29110	29108
29114	29110
29124	29114
29126	29124
29127	29126
29760	29127
29780	29760
29785	29780
29801	29785
29802	29801
29841	29802
29851	29841
29882	29851
29904	29882
29924	29904
29927	29924
29931	29927
29933	29931
29935	29933
29940	29935
29945	29940
29951	29945
29956	29951
29984	29956
29985	29984
29986	29985
29988	29986
29991	29988
29993	29991
30010	29993
30011	30010
30061	30011
30814	30061
30817	30814
30835	30817
30846	30835
30849	30846
43849	30849
49861	43849
50486	49861
50487	50486
50489	50487
50509	50489
50511	50509
50512	50511
50515	50512
50617	50515
50632	50617
50640	50632
50649	50640
50650	50649
50674	50650
50801	50674
50808	50801
50814	50808
50846	50814
50848	50846
50852	50848
50855	50852
50865	50855
50937	50865
50940	50937
51003	50940
51050	51003
51052	51050
51053	51052
51082	51053
51083	51082
51085	51083
51099	51085
51107	51099
51109	51107
51128	51109
51129	51128
51130	51129
51135	51130
51144	51135
51164	51144
51176	51164
51191	51176
51203	51191
51208	51203
51280	51208
51284	51280
51289	51284
51291	51289
51295	51291
51296	51295
51302	51296
51305	51302
51306	51305
51309	51306
51311	51309
51313	51311
51324	51313
51332	51324
51361	51332
51363	51361
51364	51363
51378	51364
51382	51378
51384	51382
51400	51384
51422	51400
51429	51422
51433	51429
51434	51433
51444	51434
51447	51444
51458	51447
51465	51458
51466	51465
51478	51466
51495	51478
51510	51495
51522	51510
51523	51522
51529	51523
51554	51529
51561	51554
51586	51561
51606	51586
51617	51606
51619	51617
51626	51619
51635	51626
51655	51635
51659	51655
51665	51659
51666	51665
51673	51666
51676	51673
51703	51676
51719	51703
51728	51719
51738	51728
51741	51738
51752	51741
51760	51752
51761	51760
51763	51761
51764	51763
51773	51764
51776	51773
51804	51776
51808	51804
53347	51808
53358	53347
53371	53358
53630	53371
53632	53630
53637	53632
53820	53637
53829	53820
53842	53829
53919	53842
54069	53919
54106	54069
54187	54106
54206	54187
54207	54206
54209	54207
54210	54209
54331	54210
54332	54331
54361	54332
54386	54361
54407	54386
54472	54407
54474	54472
54480	54474
54490	54480
54498	54490
54509	54498
54510	54509
54518	54510
54545	54518
54576	54545
54577	54576
54578	54577
54579	54578
54600	54579
54657	54600
54658	54657
54659	54658
54675	54659
54677	54675
54700	54677
54716	54700
54739	54716
54749	54739
54751	54749
54756	54751
54763	54756
54797	54763
54821	54797
54854	54821
54884	54854
54885	54884
54898	54885
54905	54898
54908	54905
54922	54908
54926	54922
54933	54926
54941	54933
54947	54941
54959	54947
54972	54959
55014	54972
55022	55014
55033	55022
55055	55033
55061	55055
55070	55061
55089	55070
55090	55089
55103	55090
55114	55103
55117	55114
55125	55117
55135	55125
55142	55135
55143	55142
55151	55143
55166	55151
55176	55166
55182	55176
55197	55182
55214	55197
55224	55214
55236	55224
55240	55236
55244	55240
55250	55244
55273	55250
55276	55273
55284	55276
55288	55284
55290	55288
55294	55290
55300	55294
55315	55300
55320	55315
55326	55320
55328	55326
55330	55328
55331	55330
55343	55331
55351	55343
55355	55351
55356	55355
55361	55356
55384	55361
55388	55384
55423	55388
55437	55423
55454	55437
55500	55454
55501	55500
55502	55501
55512	55502
55521	55512
55558	55521
55576	55558
55584	55576
55585	55584
55588	55585
55593	55588
55619	55593
55627	55619
55630	55627
55651	55630
55653	55651
55667	55653
55669	55667
55679	55669
55697	55679
55703	55697
55711	55703
55718	55711
55722	55718
55723	55722
55740	55723
55742	55740
55746	55742
55748	55746
55755	55748
55765	55755
55770	55765
55775	55770
55789	55775
55790	55789
55799	55790
55800	55799
55824	55800
55835	55824
55839	55835
55843	55839
55845	55843
55851	55845
55867	55851
55872	55867
55885	55872
55894	55885
55902	55894
55920	55902
55957	55920
55958	55957
55970	55958
55974	55970
56034	55974
56154	56034
56158	56154
56165	56158
56203	56165
56253	56203
56261	56253
56288	56261
56301	56288
56413	56301
56477	56413
56479	56477
56521	56479
56548	56521
56603	56548
56606	56603
56623	56606
56624	56623
56649	56624
56659	56649
56666	56659
56675	56666
56704	56675
56848	56704
56850	56848
56893	56850
56894	56893
56895	56894
56896	56895
56907	56896
56923	56907
56924	56923
56963	56924
56977	56963
56979	56977
56992	56979
56994	56992
57007	56994
57010	57007
57016	57010
57030	57016
57082	57030
57084	57082
57088	57084
57104	57088
57105	57104
57111	57105
57113	57111
57122	57113
57124	57122
57142	57124
57144	57142
57152	57144
57153	57152
57154	57153
57161	57154
57162	57161
57167	57162
57175	57167
57181	57175
57192	57181
57194	57192
57205	57194
57214	57205
57348	57214
57369	57348
57381	57369
57405	57381
57415	57405
57419	57415
57447	57419
57453	57447
57468	57453
57477	57468
57484	57477
57498	57484
57506	57498
57514	57506
57521	57514
57522	57521
57535	57522
57549	57535
57551	57549
57556	57551
57569	57556
57572	57569
57575	57572
57580	57575
57584	57580
57586	57584
57657	57586
57670	57657
57678	57670
57685	57678
57698	57685
57704	57698
57731	57704
57733	57731
57758	57733
57761	57758
57795	57761
57804	57795
57818	57804
57834	57818
57835	57834
58191	57835
58472	58191
58484	58472
58489	58484
58494	58489
58495	58494
58503	58495
58504	58503
58505	58504
58513	58505
59084	58513
59277	59084
59283	59277
59307	59283
59340	59307
59345	59340
59350	59345
60481	59350
60482	60481
60495	60482
60559	60495
63827	60559
63891	63827
63893	63891
63898	63893
63924	63898
64073	63924
64078	64073
64096	64078
64102	64096
64105	64102
64106	64105
64112	64106
64116	64112
64127	64116
64135	64127
64137	64135
64145	64137
64147	64145
64151	64147
64170	64151
64215	64170
64216	64215
64218	64216
64219	64218
64221	64219
64223	64221
64240	64223
64241	64240
64284	64241
64320	64284
64326	64320
64377	64326
64386	64377
64393	64386
64397	64393
64398	64397
64403	64398
64407	64403
64411	64407
64419	64411
64579	64419
64600	64579
64651	64600
64682	64651
64689	64682
64711	64689
64750	64711
64754	64750
64757	64754
64781	64757
64789	64781
64805	64789
64816	64805
64834	64816
64837	64834
64849	64837
64857	64849
64900	64857
64921	64900
64924	64921
64946	64924
65010	64946
65055	65010
65057	65055
65108	65057
65264	65108
65266	65264
65982	65266
65997	65982
66002	65997
66035	66002
79003	66035
79012	79003
79017	79012
79019	79017
79023	79019
79037	79023
79053	79037
79071	79053
79083	79071
79109	79083
79132	79109
79143	79132
79155	79143
79161	79155
79170	79161
79172	79170
79369	79172
79412	79369
79465	79412
79586	79465
79603	79586
79622	79603
79632	79622
79642	79632
79644	79642
79654	79644
79658	79654
79659	79658
79671	79659
79673	79671
79682	79673
79693	79682
79709	79693
79718	79709
79746	79718
79754	79746
79782	79754
79783	79782
79784	79783
79822	79784
79827	79822
79864	79827
79876	79864
79887	79876
79888	79887
79895	79888
79901	79895
79902	79901
79924	79902
79927	79924
79929	79927
79935	79929
79939	79935
79947	79939
79953	79947
79959	79953
79961	79959
79971	79961
79974	79971
79980	79974
79987	79980
79993	79987
80005	79993
80024	80005
80031	80024
80071	80031
80128	80071
80143	80128
80152	80143
80176	80152
80184	80176
80194	80184
80196	80194
80205	80196
80254	80205
80270	80254
80310	80270
80321	80310
80326	80321
80328	80326
80329	80328
80331	80329
80339	80331
80380	80339
80704	80380
80726	80704
80728	80726
80736	80728
80765	80736
80776	80765
80834	80776
80835	80834
80852	80835
81030	80852
81031	81030
81033	81031
81035	81033
81490	81035
81537	81490
81539	81537
81551	81539
81559	81551
81565	81559
81567	81565
81575	81567
81578	81575
81579	81578
81607	81579
81617	81607
81620	81617
81622	81620
81623	81622
81693	81623
81704	81693
81793	81704
81849	81793
81857	81849
81928	81857
81929	81928
81930	81929
83401	81930
83461	83401
83464	83461
83478	83464
83539	83478
83540	83539
83541	83540
83547	83541
83551	83547
83604	83551
83661	83604
83697	83661
83699	83697
83700	83699
83723	83700
83756	83723
83795	83756
83857	83795
83877	83857
83988	83877
84033	83988
84034	84033
84057	84034
84062	84057
84063	84062
84102	84063
84109	84102
84124	84109
84126	84124
84140	84126
84144	84140
84152	84144
84159	84152
84166	84159
84171	84166
84172	84171
84179	84172
84188	84179
84189	84188
84246	84189
84247	84246
84254	84247
84259	84254
84265	84259
84282	84265
84296	84282
84300	84296
84313	84300
84334	84313
84335	84334
84417	84335
84419	84417
84432	84419
84433	84432
84515	84433
84516	84515
84525	84516
84532	84525
84539	84532
84552	84539
84570	84552
84612	84570
84617	84612
84623	84617
84634	84623
84643	84634
84649	84643
84658	84649
84675	84658
84676	84675
84679	84676
84693	84679
84694	84693
84706	84694
84727	84706
84765	84727
84798	84765
84803	84798
84812	84803
84824	84812
84870	84824
84876	84870
84889	84876
84894	84889
84896	84894
84912	84896
84935	84912
84940	84935
84941	84940
84966	84941
84981	84966
84984	84981
84986	84984
85236	84986
85301	85236
85320	85301
85329	85320
85358	85329
85360	85358
85378	85360
85397	85378
85413	85397
85441	85413
85452	85441
85453	85452
85455	85453
85465	85455
89780	85465
89795	89780
89822	89795
89832	89822
89839	89832
89846	89839
89872	89846
89891	89872
89910	89891
89941	89910
89953	89941
90134	89953
90161	90134
90249	90161
90293	90249
90362	90293
90390	90362
90423	90390
90557	90423
90627	90557
90639	90627
90678	90639
90701	90678
90853	90701
90865	90853
90952	90865
91012	90952
91074	91012
91120	91074
91368	91120
91461	91368
91522	91461
91614	91522
91653	91614
91663	91653
91687	91663
91734	91687
91750	91734
91768	91750
92105	91768
92291	92105
92304	92291
92335	92304
92359	92335
92369	92359
92579	92369
92591	92579
92745	92591
92747	92745
92840	92747
92912	92840
93010	92912
93107	93010
93492	93107
93611	93492
93663	93611
94134	93663
94233	94134
94235	94233
94274	94235
95681	94274
96626	95681
96764	96626
103910	96764
112616	103910
112755	112616
112950	112755
113091	112950
113130	113091
113189	113130
113235	113189
113402	113235
113452	113402
113612	113452
113802	113612
113878	113802
114088	113878
114134	114088
114548	114134
114609	114548
114783	114609
114789	114783
114791	114789
114800	114791
114818	114800
114836	114818
114876	114836
114880	114876
114904	114880
114926	114904
115019	114926
115111	115019
115207	115111
115290	115207
115361	115290
115362	115361
115557	115362
115584	115557
115908	115584
115948	115908
116085	115948
116154	116085
116159	116154
116285	116159
116362	116285
116441	116362
116519	116441
116835	116519
116844	116835
116984	116844
116985	116984
117145	116985
117155	117145
117247	117155
117285	117247
117289	117285
117579	117289
117581	117579
118424	117581
118429	118424
118788	118429
118932	118788
119391	118932
119587	119391
120224	119587
120227	120224
120425	120227
121260	120425
121441	121260
121504	121441
121506	121504
121512	121506
122042	121512
122402	122042
122618	122402
122769	122618
122970	122769
123041	122970
123099	123041
123688	123099
124220	123688
124222	124220
124925	124222
124935	124925
125875	124935
125981	125875
126272	125981
126393	126272
126433	126393
126792	126433
126823	126792
126961	126823
126969	126961
127124	126969
127247	127124
127833	127247
127845	127833
128192	127845
128240	128192
128312	128240
128553	128312
128674	128553
128821	128674
128822	128821
129401	128822
129521	129401
129642	129521
129807	129642
130367	129807
130399	130367
131096	130399
131450	131096
131566	131450
131578	131566
131691	131578
131873	131691
132660	131873
133522	132660
133584	133522
133690	133584
134429	133690
134548	134429
134549	134548
134864	134549
135112	134864
135152	135112
135250	135152
137872	135250
137964	137872
137970	137964
138065	137970
138162	138065
139189	138162
139411	139189
139728	139411
139760	139728
139818	139760
140456	139818
140458	140456
140459	140458
140460	140459
140461	140460
140462	140461
140465	140462
140469	140465
140576	140469
140596	140576
140628	140596
140679	140628
140735	140679
140738	140735
140739	140738
140766	140739
140850	140766
140862	140850
140870	140862
140881	140870
140885	140881
142679	140885
142680	142679
142685	142680
142689	142685
143425	142689
143471	143425
144383	143471
145447	144383
145482	145447
145957	145482
145978	145957
146330	145978
146802	146330
146850	146802
146894	146850
147323	146894
147372	147323
147381	147372
147463	147381
147495	147463
147700	147495
147841	147700
147920	147841
148022	147920
148229	148022
148327	148229
148418	148327
148581	148418
148738	148581
148741	148738
148867	148741
149428	148867
149461	149428
149563	149461
149708	149563
150084	149708
150094	150084
150275	150094
150468	150275
150763	150468
151188	150763
151194	151188
151246	151194
151306	151246
151516	151306
151636	151516
151648	151636
151742	151648
151888	151742
152015	151888
152302	152015
152503	152302
152831	152503
152926	152831
153201	152926
153579	153201
153642	153579
154091	153642
154141	154091
154467	154141
155184	154467
155465	155184
157285	155465
157777	157285
158399	157777
158763	158399
160728	158763
160851	160728
161176	160851
161835	161176
161882	161835
162466	161882
162979	162466
163351	162979
163720	163351
164284	163720
164656	164284
165140	164656
166012	165140
166647	166012
166929	166647
168417	166929
169026	168417
169044	169026
169200	169044
169522	169200
169611	169522
170572	169611
170622	170572
170712	170622
170850	170712
171177	170850
171568	171177
192666	171568
192683	192666
195814	192683
196051	195814
196527	196051
196743	196527
196883	196743
197131	196883
199974	197131
200576	199974
200728	200576
200810	200728
201164	200810
201266	201164
202309	201266
203068	202309
203328	203068
204219	203328
204962	204219
206338	204962
206358	206338
219348	206358
219541	219348
219699	219541
220064	219699
220134	220064
220296	220134
221037	220296
221061	221037
221357	221061
221391	221357
221395	221391
221472	221395
221476	221472
221662	221476
221687	221662
221823	221687
221914	221823
221937	221914
221955	221937
222008	221955
222166	222008
222537	222166
222545	222537
222962	222545
245908	222962
245909	245908
245910	245909
245911	245910
245913	245911
245915	245913
245927	245915
245928	245927
245929	245928
245930	245929
245932	245930
245934	245932
245936	245934
245937	245936
245938	245937
245939	245938
245940	245939
245972	245940
245973	245972
246184	245973
246213	246184
246330	246213
252839	246330
253260	252839
253558	253260
253559	253558
253782	253559
253827	253782
253982	253827
254428	253982
254531	254428
255189	254531
255488	255189
255620	255488
255626	255620
255631	255626
256051	255631
256297	256051
256472	256297
256691	256472
256764	256691
256933	256764
257106	256933
257313	257106
257397	257313
259217	257397
259230	259217
259266	259230
260434	259266
261729	260434
266722	261729
282996	266722
283316	282996
283375	283316
283464	283375
283652	283464
283748	283652
283869	283748
284111	283869
284119	284111
284217	284119
284339	284217
285016	284339
285150	285016
285195	285150
285362	285195
285368	285362
285605	285368
285643	285605
285704	285643
285737	285704
286077	285737
286133	286077
286148	286133
286410	286148
286451	286410
286753	286451
286826	286753
317649	286826
317781	317649
319085	317781
319100	319085
333932	319100
337876	333932
338324	337876
338328	338324
338442	338328
338557	338442
338567	338557
339221	338567
339231	339221
339403	339231
339479	339403
340024	339479
340075	340024
340267	340075
340273	340267
340371	340273
340485	340371
340665	340485
341019	340665
341457	341019
342667	341457
342897	342667
343578	342897
345274	343578
345757	345274
347148	345757
347376	347148
347527	347376
347733	347527
347734	347733
348093	347734
348094	348093
348158	348094
348235	348158
348932	348235
348980	348932
348995	348980
349136	348995
349565	349136
353132	349565
353189	353132
353376	353189
374860	353376
374864	374860
374868	374864
374897	374868
374986	374897
375061	374986
375704	375061
375719	375704
375790	375719
375791	375790
376412	375791
376497	376412
378708	376497
387129	378708
387522	387129
387763	387522
388125	387763
388228	388125
388381	388228
388468	388381
388533	388468
388552	388533
388605	388552
388646	388605
388743	388646
389015	388743
389084	389015
389136	389084
389692	389136
389816	389692
390874	389816
390928	390874
391267	390928
399687	391267
400258	399687
400451	400258
400569	400451
400830	400569
401541	400830
401546	401541
404093	401546
404217	404093
414062	404217
414325	414062
425054	414325
431704	425054
439921	431704
440359	439921
440387	440359
440482	440387
440577	440482
440917	440577
441019	440917
441027	441019
441432	441027
441488	441432
441511	441488
442204	441511
445329	442204
503614	445329
503618	503614
503841	503618
504180	503841
552900	504180
553158	552900
554313	553158
573971	554313
594857	573971
606495	594857
613209	606495
613210	613209
613211	613210
641455	613211
641922	641455
642076	641922
642105	642076
642762	642105
642954	642762
642969	642954
643454	642969
643997	643454
644006	643997
644054	644006
644414	644054
644462	644414
644504	644462
644540	644504
644691	644540
644732	644691
644816	644732
644914	644816
644943	644914
645084	644943
646463	645084
646626	646463
646780	646626
646981	646780
647000	646981
647654	647000
648152	647654
648338	648152
648749	648338
648998	648749
649279	648998
649620	649279
649891	649620
650400	649891
650556	650400
650621	650556
650832	650621
651536	650832
651610	651536
651621	651610
651763	651621
651907	651763
651921	651907
652222	651921
652292	652222
652460	652292
652578	652460
652612	652578
652626	652612
652661	652626
652826	652661
652857	652826
652899	652857
653214	652899
653238	653214
653365	653238
653399	653365
653566	653399
653604	653566
653879	653604
653972	653879
654188	653972
723790	654188
727758	723790
727848	727758
727936	727848
728215	727936
728320	728215
728358	728320
728378	728358
728458	728378
728590	728458
728830	728590
729012	728830
729020	729012
729030	729020
729120	729030
729155	729120
729230	729155
729359	729230
729391	729359
729523	729391
729708	729523
729948	729708
729964	729948
729991	729964
730002	729991
730030	730002
730221	730030
730244	730221
730335	730244
730412	730335
730413	730412
730418	730413
730594	730418
730924	730594
731049	730924
731066	731049
731231	731066
731292	731231
731429	731292
731820	731429
731823	731820
731949	731823
731992	731949
732425	731992
732445	732425
100132285	732445
100133941	100132285
100169951	100133941
100289462	100169951
100528022	100289462
100529067	100528022
100529264	100529067
100533990	100529264
